((0, (358,)),) 	 (15, 1, 1)
((0, (468,)),) 	 (7, 1, 1)
((0, (757,)),) 	 (12, 1, 1)
((0, (85,)),) 	 (14, 1, 1)
((0, (551,)),) 	 (6, 1, 1)
((0, (65,)),) 	 (18, 1, 1)
((0, (437,)),) 	 (8, 1, 1)
((0, (457,)),) 	 (4, 1, 1)
((0, (417,)),) 	 (5, 1, 1)
((0, (536,)),) 	 (9, 1, 1)
((0, (804,)),) 	 (8, 1, 1)
((0, (673,)),) 	 (10, 1, 1)
((0, (683,)),) 	 (8, 1, 1)
((0, (924,)),) 	 (7, 1, 1)
((0, (324,)),) 	 (5, 1, 1)
((0, (373,)),) 	 (5, 1, 1)
((0, (619,)),) 	 (11, 1, 1)
((0, (700,)),) 	 (6, 1, 1)
((0, (185,)),) 	 (15, 1, 1)
((0, (186,)),) 	 (19, 1, 1)
((0, (187,)),) 	 (22, 1, 1)
((0, (188,)),) 	 (16, 1, 1)
((0, (189,)),) 	 (17, 1, 1)
((0, (6,)),) 	 (22, 1, 1)
((0, (408,)),) 	 (7, 1, 1)
((0, (939,)),) 	 (7, 1, 1)
((0, (524,)),) 	 (9, 1, 1)
((0, (752,)),) 	 (12, 1, 1)
((0, (630,)),) 	 (15, 1, 1)
((0, (251,)),) 	 (11, 1, 1)
((0, (161,)),) 	 (18, 1, 1)
((0, (486,)),) 	 (15, 1, 1)
((0, (529,)),) 	 (14, 1, 1)
((0, (290,)),) 	 (7, 1, 1)
((0, (920,)),) 	 (8, 1, 1)
((0, (5,)),) 	 (26, 1, 1)
((0, (620,)),) 	 (8, 1, 1)
((0, (997,)),) 	 (8, 1, 1)
((0, (145,)),) 	 (14, 1, 1)
((0, (146,)),) 	 (16, 1, 1)
((0, (147,)),) 	 (15, 1, 1)
((0, (148,)),) 	 (15, 1, 1)
((0, (149,)),) 	 (18, 1, 1)
((0, (412,)),) 	 (2, 1, 1)
((0, (652,)),) 	 (8, 1, 1)
((0, (23,)),) 	 (22, 1, 1)
((0, (419,)),) 	 (10, 1, 1)
((0, (83,)),) 	 (15, 1, 1)
((0, (917,)),) 	 (3, 1, 1)
((0, (1000,)),) 	 (16, 1, 1)
((0, (38,)),) 	 (10, 1, 1)
((0, (167,)),) 	 (21, 1, 1)
((0, (494,)),) 	 (14, 1, 1)
((0, (131,)),) 	 (16, 1, 1)
((0, (110,)),) 	 (18, 1, 1)
((0, (181,)),) 	 (19, 1, 1)
((0, (968,)),) 	 (4, 1, 1)
((0, (831,)),) 	 (6, 1, 1)
((0, (612,)),) 	 (7, 1, 1)
((0, (222,)),) 	 (21, 1, 1)
((0, (870,)),) 	 (8, 1, 1)
((0, (392,)),) 	 (9, 1, 1)
((0, (404,)),) 	 (10, 1, 1)
((0, (383,)),) 	 (8, 1, 1)
((0, (609,)),) 	 (9, 1, 1)
((0, (864,)),) 	 (8, 1, 1)
((0, (489,)),) 	 (12, 1, 1)
((0, (144,)),) 	 (12, 1, 1)
((0, (945,)),) 	 (6, 1, 1)
((0, (703,)),) 	 (5, 1, 1)
((0, (327,)),) 	 (6, 1, 1)
((0, (748,)),) 	 (9, 1, 1)
((0, (628,)),) 	 (10, 1, 1)
((0, (184,)),) 	 (16, 1, 1)
((0, (335,)),) 	 (10, 1, 1)
((0, (723,)),) 	 (11, 1, 1)
((0, (471,)),) 	 (16, 1, 1)
((0, (863,)),) 	 (9, 1, 1)
((0, (934,)),) 	 (10, 1, 1)
((0, (797,)),) 	 (7, 1, 1)
((0, (1,)),) 	 (13, 1, 1)
((0, (2,)),) 	 (18, 1, 1)
((0, (3,)),) 	 (16, 1, 1)
((0, (4,)),) 	 (13, 1, 1)
((0, (839,)),) 	 (8, 1, 1)
((0, (22,)),) 	 (16, 1, 1)
((0, (205,)),) 	 (16, 1, 1)
((0, (206,)),) 	 (20, 1, 1)
((0, (207,)),) 	 (17, 1, 1)
((0, (225,)),) 	 (19, 1, 1)
((0, (226,)),) 	 (16, 1, 1)
((0, (227,)),) 	 (18, 1, 1)
((0, (228,)),) 	 (19, 1, 1)
((0, (229,)),) 	 (15, 1, 1)
((0, (28,)),) 	 (16, 1, 1)
((0, (812,)),) 	 (7, 1, 1)
((0, (356,)),) 	 (5, 1, 1)
((0, (714,)),) 	 (10, 1, 1)
((0, (669,)),) 	 (11, 1, 1)
((0, (296,)),) 	 (9, 1, 1)
((0, (790,)),) 	 (6, 1, 1)
((0, (195,)),) 	 (15, 1, 1)
((0, (622,)),) 	 (7, 1, 1)
((0, (824,)),) 	 (8, 1, 1)
((0, (597,)),) 	 (6, 1, 1)
((0, (67,)),) 	 (21, 1, 1)
((0, (662,)),) 	 (10, 1, 1)
((0, (506,)),) 	 (4, 1, 1)
((0, (317,)),) 	 (5, 1, 1)
((0, (407,)),) 	 (7, 1, 1)
((0, (30,)),) 	 (19, 1, 1)
((0, (636,)),) 	 (11, 1, 1)
((0, (11,)),) 	 (16, 1, 1)
((0, (822,)),) 	 (9, 1, 1)
((0, (736,)),) 	 (8, 1, 1)
((0, (56,)),) 	 (20, 1, 1)
((0, (685,)),) 	 (12, 1, 1)
((0, (336,)),) 	 (8, 1, 1)
((0, (190,)),) 	 (18, 1, 1)
((0, (191,)),) 	 (17, 1, 1)
((0, (694,)),) 	 (12, 1, 1)
((0, (192,)),) 	 (18, 1, 1)
((0, (193,)),) 	 (21, 1, 1)
((0, (194,)),) 	 (16, 1, 1)
((0, (27,)),) 	 (20, 1, 1)
((0, (857,)),) 	 (10, 1, 1)
((0, (954,)),) 	 (7, 1, 1)
((0, (305,)),) 	 (9, 1, 1)
((0, (280,)),) 	 (11, 1, 1)
((0, (481,)),) 	 (8, 1, 1)
((0, (892,)),) 	 (7, 1, 1)
((0, (55,)),) 	 (13, 1, 1)
((0, (57,)),) 	 (19, 1, 1)
((0, (58,)),) 	 (17, 1, 1)
((0, (59,)),) 	 (22, 1, 1)
((0, (43,)),) 	 (18, 1, 1)
((0, (44,)),) 	 (17, 1, 1)
((0, (860,)),) 	 (9, 1, 1)
((0, (546,)),) 	 (6, 1, 1)
((0, (728,)),) 	 (10, 1, 1)
((0, (239,)),) 	 (21, 1, 1)
((0, (929,)),) 	 (9, 1, 1)
((0, (765,)),) 	 (6, 1, 1)
((0, (759,)),) 	 (10, 1, 1)
((0, (444,)),) 	 (7, 1, 1)
((0, (246,)),) 	 (17, 1, 1)
((0, (887,)),) 	 (3, 1, 1)
((0, (84,)),) 	 (15, 1, 1)
((0, (588,)),) 	 (10, 1, 1)
((0, (909,)),) 	 (8, 1, 1)
((0, (594,)),) 	 (15, 1, 1)
((0, (553,)),) 	 (10, 1, 1)
((0, (773,)),) 	 (5, 1, 1)
((0, (169,)),) 	 (20, 1, 1)
((0, (567,)),) 	 (10, 1, 1)
((0, (849,)),) 	 (9, 1, 1)
((0, (430,)),) 	 (6, 1, 1)
((0, (965,)),) 	 (12, 1, 1)
((0, (560,)),) 	 (5, 1, 1)
((0, (354,)),) 	 (7, 1, 1)
((0, (276,)),) 	 (6, 1, 1)
((0, (431,)),) 	 (4, 1, 1)
((0, (143,)),) 	 (17, 1, 1)
((0, (288,)),) 	 (7, 1, 1)
((0, (740,)),) 	 (11, 1, 1)
((0, (632,)),) 	 (7, 1, 1)
((0, (584,)),) 	 (5, 1, 1)
((0, (132,)),) 	 (22, 1, 1)
((0, (502,)),) 	 (7, 1, 1)
((0, (618,)),) 	 (9, 1, 1)
((0, (178,)),) 	 (17, 1, 1)
((0, (242,)),) 	 (19, 1, 1)
((0, (940,)),) 	 (9, 1, 1)
((0, (25,)),) 	 (14, 1, 1)
((0, (26,)),) 	 (16, 1, 1)
((0, (29,)),) 	 (18, 1, 1)
((0, (751,)),) 	 (12, 1, 1)
((0, (788,)),) 	 (7, 1, 1)
((0, (721,)),) 	 (8, 1, 1)
((0, (443,)),) 	 (11, 1, 1)
((0, (719,)),) 	 (5, 1, 1)
((0, (933,)),) 	 (5, 1, 1)
((0, (647,)),) 	 (7, 1, 1)
((0, (716,)),) 	 (6, 1, 1)
((0, (215,)),) 	 (16, 1, 1)
((0, (925,)),) 	 (11, 1, 1)
((0, (800,)),) 	 (5, 1, 1)
((0, (969,)),) 	 (5, 1, 1)
((0, (233,)),) 	 (24, 1, 1)
((0, (789,)),) 	 (6, 1, 1)
((0, (897,)),) 	 (9, 1, 1)
((0, (996,)),) 	 (6, 1, 1)
((0, (910,)),) 	 (8, 1, 1)
((0, (72,)),) 	 (22, 1, 1)
((0, (582,)),) 	 (6, 1, 1)
((0, (180,)),) 	 (24, 1, 1)
((0, (307,)),) 	 (4, 1, 1)
((0, (214,)),) 	 (15, 1, 1)
((0, (330,)),) 	 (9, 1, 1)
((0, (42,)),) 	 (11, 1, 1)
((0, (390,)),) 	 (11, 1, 1)
((0, (645,)),) 	 (9, 1, 1)
((0, (799,)),) 	 (2, 1, 1)
((0, (238,)),) 	 (16, 1, 1)
((0, (165,)),) 	 (14, 1, 1)
((0, (394,)),) 	 (10, 1, 1)
((0, (387,)),) 	 (8, 1, 1)
((0, (944,)),) 	 (8, 1, 1)
((0, (100,)),) 	 (12, 1, 1)
((0, (101,)),) 	 (12, 1, 1)
((0, (102,)),) 	 (17, 1, 1)
((0, (103,)),) 	 (16, 1, 1)
((0, (104,)),) 	 (15, 1, 1)
((0, (967,)),) 	 (7, 1, 1)
((0, (734,)),) 	 (12, 1, 1)
((0, (530,)),) 	 (14, 1, 1)
((0, (948,)),) 	 (9, 1, 1)
((0, (248,)),) 	 (22, 1, 1)
((0, (899,)),) 	 (6, 1, 1)
((0, (435,)),) 	 (12, 1, 1)
((0, (403,)),) 	 (13, 1, 1)
((0, (875,)),) 	 (9, 1, 1)
((0, (637,)),) 	 (10, 1, 1)
((0, (109,)),) 	 (17, 1, 1)
((0, (960,)),) 	 (12, 1, 1)
((0, (183,)),) 	 (16, 1, 1)
((0, (930,)),) 	 (9, 1, 1)
((0, (398,)),) 	 (14, 1, 1)
((0, (672,)),) 	 (7, 1, 1)
((0, (247,)),) 	 (18, 1, 1)
((0, (656,)),) 	 (7, 1, 1)
((0, (99,)),) 	 (14, 1, 1)
((0, (134,)),) 	 (19, 1, 1)
((0, (449,)),) 	 (8, 1, 1)
((0, (894,)),) 	 (7, 1, 1)
((0, (806,)),) 	 (7, 1, 1)
((0, (958,)),) 	 (11, 1, 1)
((0, (166,)),) 	 (22, 1, 1)
((0, (974,)),) 	 (6, 1, 1)
((0, (782,)),) 	 (8, 1, 1)
((0, (429,)),) 	 (7, 1, 1)
((0, (230,)),) 	 (16, 1, 1)
((0, (921,)),) 	 (11, 1, 1)
((0, (338,)),) 	 (12, 1, 1)
((0, (739,)),) 	 (11, 1, 1)
((0, (221,)),) 	 (22, 1, 1)
((0, (347,)),) 	 (6, 1, 1)
((0, (35,)),) 	 (17, 1, 1)
((0, (913,)),) 	 (6, 1, 1)
((0, (7,)),) 	 (15, 1, 1)
((0, (767,)),) 	 (10, 1, 1)
((0, (168,)),) 	 (13, 1, 1)
((0, (549,)),) 	 (10, 1, 1)
((0, (938,)),) 	 (5, 1, 1)
((0, (943,)),) 	 (7, 1, 1)
((0, (18,)),) 	 (14, 1, 1)
((0, (14,)),) 	 (18, 1, 1)
((0, (653,)),) 	 (4, 1, 1)
((0, (273,)),) 	 (6, 1, 1)
((0, (625,)),) 	 (11, 1, 1)
((0, (447,)),) 	 (8, 1, 1)
((0, (599,)),) 	 (8, 1, 1)
((0, (312,)),) 	 (10, 1, 1)
((0, (291,)),) 	 (11, 1, 1)
((0, (452,)),) 	 (8, 1, 1)
((0, (258,)),) 	 (11, 1, 1)
((0, (711,)),) 	 (11, 1, 1)
((0, (198,)),) 	 (17, 1, 1)
((0, (385,)),) 	 (7, 1, 1)
((0, (543,)),) 	 (7, 1, 1)
((0, (240,)),) 	 (13, 1, 1)
((0, (241,)),) 	 (19, 1, 1)
((0, (243,)),) 	 (14, 1, 1)
((0, (772,)),) 	 (9, 1, 1)
((0, (244,)),) 	 (17, 1, 1)
((0, (63,)),) 	 (19, 1, 1)
((0, (596,)),) 	 (14, 1, 1)
((0, (674,)),) 	 (13, 1, 1)
((0, (801,)),) 	 (3, 1, 1)
((0, (577,)),) 	 (6, 1, 1)
((0, (488,)),) 	 (13, 1, 1)
((0, (272,)),) 	 (12, 1, 1)
((0, (375,)),) 	 (6, 1, 1)
((0, (538,)),) 	 (8, 1, 1)
((0, (770,)),) 	 (17, 1, 1)
((0, (563,)),) 	 (14, 1, 1)
((0, (401,)),) 	 (9, 1, 1)
((0, (52,)),) 	 (16, 1, 1)
((0, (808,)),) 	 (7, 1, 1)
((0, (843,)),) 	 (10, 1, 1)
((0, (359,)),) 	 (11, 1, 1)
((0, (364,)),) 	 (4, 1, 1)
((0, (477,)),) 	 (8, 1, 1)
((0, (490,)),) 	 (6, 1, 1)
((0, (160,)),) 	 (25, 1, 1)
((0, (334,)),) 	 (15, 1, 1)
((0, (163,)),) 	 (17, 1, 1)
((0, (557,)),) 	 (6, 1, 1)
((0, (998,)),) 	 (14, 1, 1)
((0, (218,)),) 	 (18, 1, 1)
((0, (743,)),) 	 (12, 1, 1)
((0, (508,)),) 	 (11, 1, 1)
((0, (231,)),) 	 (15, 1, 1)
((0, (232,)),) 	 (17, 1, 1)
((0, (234,)),) 	 (18, 1, 1)
((0, (126,)),) 	 (16, 1, 1)
((0, (127,)),) 	 (17, 1, 1)
((0, (122,)),) 	 (16, 1, 1)
((0, (128,)),) 	 (13, 1, 1)
((0, (129,)),) 	 (14, 1, 1)
((0, (124,)),) 	 (14, 1, 1)
((0, (50,)),) 	 (12, 1, 1)
((0, (51,)),) 	 (12, 1, 1)
((0, (53,)),) 	 (11, 1, 1)
((0, (54,)),) 	 (14, 1, 1)
((0, (908,)),) 	 (9, 1, 1)
((0, (136,)),) 	 (20, 1, 1)
((0, (710,)),) 	 (12, 1, 1)
((0, (755,)),) 	 (9, 1, 1)
((0, (741,)),) 	 (10, 1, 1)
((0, (699,)),) 	 (5, 1, 1)
((0, (785,)),) 	 (11, 1, 1)
((0, (75,)),) 	 (20, 1, 1)
((0, (722,)),) 	 (7, 1, 1)
((0, (874,)),) 	 (7, 1, 1)
((0, (459,)),) 	 (11, 1, 1)
((0, (32,)),) 	 (14, 1, 1)
((0, (92,)),) 	 (14, 1, 1)
((0, (659,)),) 	 (11, 1, 1)
((0, (474,)),) 	 (11, 1, 1)
((0, (482,)),) 	 (4, 1, 1)
((0, (818,)),) 	 (9, 1, 1)
((0, (850,)),) 	 (7, 1, 1)
((0, (262,)),) 	 (3, 1, 1)
((0, (300,)),) 	 (11, 1, 1)
((0, (282,)),) 	 (10, 1, 1)
((0, (297,)),) 	 (8, 1, 1)
((0, (46,)),) 	 (13, 1, 1)
((0, (265,)),) 	 (10, 1, 1)
((0, (66,)),) 	 (15, 1, 1)
((0, (68,)),) 	 (25, 1, 1)
((0, (69,)),) 	 (17, 1, 1)
((0, (286,)),) 	 (9, 1, 1)
((0, (956,)),) 	 (10, 1, 1)
((0, (906,)),) 	 (8, 1, 1)
((0, (360,)),) 	 (7, 1, 1)
((0, (478,)),) 	 (6, 1, 1)
((0, (140,)),) 	 (20, 1, 1)
((0, (162,)),) 	 (12, 1, 1)
((0, (164,)),) 	 (14, 1, 1)
((0, (698,)),) 	 (6, 1, 1)
((0, (980,)),) 	 (12, 1, 1)
((0, (40,)),) 	 (20, 1, 1)
((0, (517,)),) 	 (13, 1, 1)
((0, (115,)),) 	 (13, 1, 1)
((0, (905,)),) 	 (8, 1, 1)
((0, (851,)),) 	 (8, 1, 1)
((0, (614,)),) 	 (11, 1, 1)
((0, (707,)),) 	 (6, 1, 1)
((0, (802,)),) 	 (12, 1, 1)
((0, (10,)),) 	 (23, 1, 1)
((0, (826,)),) 	 (10, 1, 1)
((0, (235,)),) 	 (18, 1, 1)
((0, (995,)),) 	 (8, 1, 1)
((0, (130,)),) 	 (19, 1, 1)
((0, (729,)),) 	 (10, 1, 1)
((0, (556,)),) 	 (8, 1, 1)
((0, (454,)),) 	 (9, 1, 1)
((0, (605,)),) 	 (9, 1, 1)
((0, (112,)),) 	 (20, 1, 1)
((0, (503,)),) 	 (11, 1, 1)
((0, (245,)),) 	 (21, 1, 1)
((0, (121,)),) 	 (20, 1, 1)
((0, (249,)),) 	 (16, 1, 1)
((0, (539,)),) 	 (8, 1, 1)
((0, (80,)),) 	 (20, 1, 1)
((0, (786,)),) 	 (8, 1, 1)
((0, (342,)),) 	 (6, 1, 1)
((0, (442,)),) 	 (7, 1, 1)
((0, (877,)),) 	 (15, 1, 1)
((0, (720,)),) 	 (12, 1, 1)
((0, (200,)),) 	 (20, 1, 1)
((0, (480,)),) 	 (12, 1, 1)
((0, (171,)),) 	 (16, 1, 1)
((0, (199,)),) 	 (17, 1, 1)
((0, (397,)),) 	 (8, 1, 1)
((0, (702,)),) 	 (5, 1, 1)
((0, (479,)),) 	 (9, 1, 1)
((0, (210,)),) 	 (17, 1, 1)
((0, (809,)),) 	 (6, 1, 1)
((0, (211,)),) 	 (20, 1, 1)
((0, (212,)),) 	 (17, 1, 1)
((0, (213,)),) 	 (12, 1, 1)
((0, (139,)),) 	 (14, 1, 1)
((0, (950,)),) 	 (14, 1, 1)
((0, (825,)),) 	 (7, 1, 1)
((0, (724,)),) 	 (11, 1, 1)
((0, (706,)),) 	 (8, 1, 1)
((0, (47,)),) 	 (19, 1, 1)
((0, (339,)),) 	 (7, 1, 1)
((0, (441,)),) 	 (7, 1, 1)
((0, (377,)),) 	 (9, 1, 1)
((0, (497,)),) 	 (11, 1, 1)
((0, (691,)),) 	 (8, 1, 1)
((0, (871,)),) 	 (11, 1, 1)
((0, (951,)),) 	 (10, 1, 1)
((0, (158,)),) 	 (16, 1, 1)
((0, (467,)),) 	 (6, 1, 1)
((0, (460,)),) 	 (10, 1, 1)
((0, (509,)),) 	 (6, 1, 1)
((0, (695,)),) 	 (10, 1, 1)
((0, (598,)),) 	 (3, 1, 1)
((0, (264,)),) 	 (8, 1, 1)
((0, (587,)),) 	 (7, 1, 1)
((0, (389,)),) 	 (8, 1, 1)
((0, (608,)),) 	 (9, 1, 1)
((0, (914,)),) 	 (3, 1, 1)
((0, (834,)),) 	 (10, 1, 1)
((0, (883,)),) 	 (5, 1, 1)
((0, (12,)),) 	 (19, 1, 1)
((0, (932,)),) 	 (6, 1, 1)
((0, (807,)),) 	 (9, 1, 1)
((0, (829,)),) 	 (4, 1, 1)
((0, (41,)),) 	 (19, 1, 1)
((0, (733,)),) 	 (8, 1, 1)
((0, (236,)),) 	 (18, 1, 1)
((0, (979,)),) 	 (8, 1, 1)
((0, (45,)),) 	 (15, 1, 1)
((0, (763,)),) 	 (8, 1, 1)
((0, (989,)),) 	 (8, 1, 1)
((0, (762,)),) 	 (8, 1, 1)
((0, (639,)),) 	 (5, 1, 1)
((0, (95,)),) 	 (20, 1, 1)
((0, (96,)),) 	 (16, 1, 1)
((0, (97,)),) 	 (22, 1, 1)
((0, (98,)),) 	 (24, 1, 1)
((0, (16,)),) 	 (17, 1, 1)
((0, (116,)),) 	 (10, 1, 1)
((0, (117,)),) 	 (22, 1, 1)
((0, (118,)),) 	 (17, 1, 1)
((0, (591,)),) 	 (6, 1, 1)
((0, (119,)),) 	 (19, 1, 1)
((0, (209,)),) 	 (18, 1, 1)
((0, (895,)),) 	 (10, 1, 1)
((0, (837,)),) 	 (10, 1, 1)
((0, (953,)),) 	 (8, 1, 1)
((0, (769,)),) 	 (12, 1, 1)
((0, (79,)),) 	 (19, 1, 1)
((0, (21,)),) 	 (15, 1, 1)
((0, (602,)),) 	 (10, 1, 1)
((0, (402,)),) 	 (7, 1, 1)
((0, (518,)),) 	 (6, 1, 1)
((0, (470,)),) 	 (7, 1, 1)
((0, (450,)),) 	 (9, 1, 1)
((0, (138,)),) 	 (15, 1, 1)
((0, (915,)),) 	 (4, 1, 1)
((0, (811,)),) 	 (10, 1, 1)
((0, (686,)),) 	 (9, 1, 1)
((0, (174,)),) 	 (17, 1, 1)
((0, (697,)),) 	 (11, 1, 1)
((0, (540,)),) 	 (4, 1, 1)
((0, (292,)),) 	 (7, 1, 1)
((0, (319,)),) 	 (9, 1, 1)
((0, (34,)),) 	 (12, 1, 1)
((0, (777,)),) 	 (7, 1, 1)
((0, (61,)),) 	 (23, 1, 1)
((0, (693,)),) 	 (6, 1, 1)
((0, (367,)),) 	 (5, 1, 1)
((0, (507,)),) 	 (12, 1, 1)
((0, (640,)),) 	 (11, 1, 1)
((0, (760,)),) 	 (7, 1, 1)
((0, (949,)),) 	 (7, 1, 1)
((0, (742,)),) 	 (13, 1, 1)
((0, (94,)),) 	 (12, 1, 1)
((0, (890,)),) 	 (9, 1, 1)
((0, (326,)),) 	 (7, 1, 1)
((0, (70,)),) 	 (16, 1, 1)
((0, (308,)),) 	 (9, 1, 1)
((0, (526,)),) 	 (3, 1, 1)
((0, (607,)),) 	 (7, 1, 1)
((0, (675,)),) 	 (8, 1, 1)
((0, (298,)),) 	 (11, 1, 1)
((0, (31,)),) 	 (13, 1, 1)
((0, (33,)),) 	 (16, 1, 1)
((0, (201,)),) 	 (22, 1, 1)
((0, (202,)),) 	 (24, 1, 1)
((0, (203,)),) 	 (18, 1, 1)
((0, (204,)),) 	 (18, 1, 1)
((0, (593,)),) 	 (10, 1, 1)
((0, (855,)),) 	 (6, 1, 1)
((0, (862,)),) 	 (11, 1, 1)
((0, (881,)),) 	 (9, 1, 1)
((0, (71,)),) 	 (16, 1, 1)
((0, (798,)),) 	 (10, 1, 1)
((0, (911,)),) 	 (9, 1, 1)
((0, (396,)),) 	 (7, 1, 1)
((0, (532,)),) 	 (13, 1, 1)
((0, (665,)),) 	 (10, 1, 1)
((0, (528,)),) 	 (8, 1, 1)
((0, (113,)),) 	 (20, 1, 1)
((0, (208,)),) 	 (18, 1, 1)
((0, (154,)),) 	 (14, 1, 1)
((0, (987,)),) 	 (15, 1, 1)
((0, (623,)),) 	 (7, 1, 1)
((0, (547,)),) 	 (9, 1, 1)
((0, (456,)),) 	 (6, 1, 1)
((0, (384,)),) 	 (12, 1, 1)
((0, (581,)),) 	 (5, 1, 1)
((0, (345,)),) 	 (11, 1, 1)
((0, (678,)),) 	 (6, 1, 1)
((0, (611,)),) 	 (8, 1, 1)
((0, (840,)),) 	 (6, 1, 1)
((0, (575,)),) 	 (8, 1, 1)
((0, (328,)),) 	 (9, 1, 1)
((0, (737,)),) 	 (8, 1, 1)
((0, (670,)),) 	 (12, 1, 1)
((0, (256,)),) 	 (7, 1, 1)
((0, (381,)),) 	 (8, 1, 1)
((0, (727,)),) 	 (5, 1, 1)
((0, (666,)),) 	 (12, 1, 1)
((0, (931,)),) 	 (11, 1, 1)
((0, (671,)),) 	 (11, 1, 1)
((0, (715,)),) 	 (7, 1, 1)
((0, (270,)),) 	 (8, 1, 1)
((0, (635,)),) 	 (6, 1, 1)
((0, (705,)),) 	 (4, 1, 1)
((0, (990,)),) 	 (7, 1, 1)
((0, (578,)),) 	 (9, 1, 1)
((0, (501,)),) 	 (7, 1, 1)
((0, (337,)),) 	 (8, 1, 1)
((0, (655,)),) 	 (11, 1, 1)
((0, (574,)),) 	 (12, 1, 1)
((0, (513,)),) 	 (6, 1, 1)
((0, (947,)),) 	 (12, 1, 1)
((0, (833,)),) 	 (7, 1, 1)
((0, (176,)),) 	 (23, 1, 1)
((0, (237,)),) 	 (13, 1, 1)
((0, (848,)),) 	 (10, 1, 1)
((0, (941,)),) 	 (7, 1, 1)
((0, (275,)),) 	 (6, 1, 1)
((0, (175,)),) 	 (18, 1, 1)
((0, (177,)),) 	 (18, 1, 1)
((0, (179,)),) 	 (13, 1, 1)
((0, (681,)),) 	 (7, 1, 1)
((0, (679,)),) 	 (5, 1, 1)
((0, (15,)),) 	 (14, 1, 1)
((0, (420,)),) 	 (7, 1, 1)
((0, (299,)),) 	 (6, 1, 1)
((0, (692,)),) 	 (5, 1, 1)
((0, (830,)),) 	 (15, 1, 1)
((0, (350,)),) 	 (5, 1, 1)
((0, (654,)),) 	 (5, 1, 1)
((0, (888,)),) 	 (8, 1, 1)
((0, (690,)),) 	 (9, 1, 1)
((0, (922,)),) 	 (9, 1, 1)
((0, (994,)),) 	 (10, 1, 1)
((0, (372,)),) 	 (3, 1, 1)
((0, (60,)),) 	 (11, 1, 1)
((0, (62,)),) 	 (22, 1, 1)
((0, (64,)),) 	 (19, 1, 1)
((0, (303,)),) 	 (12, 1, 1)
((0, (172,)),) 	 (21, 1, 1)
((0, (589,)),) 	 (7, 1, 1)
((0, (425,)),) 	 (8, 1, 1)
((0, (414,)),) 	 (7, 1, 1)
((0, (111,)),) 	 (14, 1, 1)
((0, (114,)),) 	 (15, 1, 1)
((0, (90,)),) 	 (23, 1, 1)
((0, (776,)),) 	 (4, 1, 1)
((0, (440,)),) 	 (11, 1, 1)
((0, (499,)),) 	 (7, 1, 1)
((0, (946,)),) 	 (5, 1, 1)
((0, (726,)),) 	 (9, 1, 1)
((0, (586,)),) 	 (8, 1, 1)
((0, (294,)),) 	 (11, 1, 1)
((0, (590,)),) 	 (8, 1, 1)
((0, (257,)),) 	 (11, 1, 1)
((0, (519,)),) 	 (8, 1, 1)
((0, (796,)),) 	 (10, 1, 1)
((0, (39,)),) 	 (18, 1, 1)
((0, (523,)),) 	 (6, 1, 1)
((0, (961,)),) 	 (3, 1, 1)
((0, (832,)),) 	 (7, 1, 1)
((0, (8,)),) 	 (15, 1, 1)
((0, (534,)),) 	 (8, 1, 1)
((0, (725,)),) 	 (9, 1, 1)
((0, (370,)),) 	 (11, 1, 1)
((0, (89,)),) 	 (17, 1, 1)
((0, (627,)),) 	 (8, 1, 1)
((0, (718,)),) 	 (5, 1, 1)
((0, (514,)),) 	 (7, 1, 1)
((0, (976,)),) 	 (8, 1, 1)
((0, (561,)),) 	 (3, 1, 1)
((0, (663,)),) 	 (6, 1, 1)
((0, (421,)),) 	 (10, 1, 1)
((0, (565,)),) 	 (4, 1, 1)
((0, (660,)),) 	 (6, 1, 1)
((0, (525,)),) 	 (9, 1, 1)
((0, (451,)),) 	 (11, 1, 1)
((0, (573,)),) 	 (8, 1, 1)
((0, (17,)),) 	 (12, 1, 1)
((0, (19,)),) 	 (19, 1, 1)
((0, (709,)),) 	 (7, 1, 1)
((0, (992,)),) 	 (12, 1, 1)
((0, (624,)),) 	 (10, 1, 1)
((0, (896,)),) 	 (3, 1, 1)
((0, (379,)),) 	 (4, 1, 1)
((0, (320,)),) 	 (4, 1, 1)
((0, (717,)),) 	 (10, 1, 1)
((0, (708,)),) 	 (10, 1, 1)
((0, (445,)),) 	 (9, 1, 1)
((0, (880,)),) 	 (7, 1, 1)
((0, (107,)),) 	 (19, 1, 1)
((0, (343,)),) 	 (9, 1, 1)
((0, (795,)),) 	 (12, 1, 1)
((0, (432,)),) 	 (9, 1, 1)
((0, (86,)),) 	 (11, 1, 1)
((0, (289,)),) 	 (8, 1, 1)
((0, (150,)),) 	 (19, 1, 1)
((0, (151,)),) 	 (18, 1, 1)
((0, (152,)),) 	 (19, 1, 1)
((0, (153,)),) 	 (19, 1, 1)
((0, (981,)),) 	 (6, 1, 1)
((0, (576,)),) 	 (5, 1, 1)
((0, (592,)),) 	 (8, 1, 1)
((0, (48,)),) 	 (18, 1, 1)
((0, (260,)),) 	 (5, 1, 1)
((0, (313,)),) 	 (7, 1, 1)
((0, (331,)),) 	 (8, 1, 1)
((0, (76,)),) 	 (16, 1, 1)
((0, (937,)),) 	 (8, 1, 1)
((0, (371,)),) 	 (8, 1, 1)
((0, (137,)),) 	 (15, 1, 1)
((0, (341,)),) 	 (3, 1, 1)
((0, (555,)),) 	 (13, 1, 1)
((0, (689,)),) 	 (10, 1, 1)
((0, (378,)),) 	 (11, 1, 1)
((0, (466,)),) 	 (6, 1, 1)
((0, (491,)),) 	 (8, 1, 1)
((0, (458,)),) 	 (6, 1, 1)
((0, (835,)),) 	 (8, 1, 1)
((0, (923,)),) 	 (6, 1, 1)
((0, (120,)),) 	 (13, 1, 1)
((0, (123,)),) 	 (10, 1, 1)
((0, (157,)),) 	 (19, 1, 1)
((0, (333,)),) 	 (4, 1, 1)
((0, (738,)),) 	 (6, 1, 1)
((0, (817,)),) 	 (8, 1, 1)
((0, (433,)),) 	 (6, 1, 1)
((0, (562,)),) 	 (12, 1, 1)
((0, (315,)),) 	 (5, 1, 1)
((0, (684,)),) 	 (4, 1, 1)
((0, (495,)),) 	 (11, 1, 1)
((0, (898,)),) 	 (11, 1, 1)
((0, (9,)),) 	 (16, 1, 1)
((0, (295,)),) 	 (6, 1, 1)
((0, (196,)),) 	 (13, 1, 1)
((0, (197,)),) 	 (14, 1, 1)
((0, (701,)),) 	 (5, 1, 1)
((0, (836,)),) 	 (11, 1, 1)
((0, (533,)),) 	 (8, 1, 1)
((0, (216,)),) 	 (17, 1, 1)
((0, (821,)),) 	 (6, 1, 1)
((0, (595,)),) 	 (5, 1, 1)
((0, (955,)),) 	 (11, 1, 1)
((0, (455,)),) 	 (6, 1, 1)
((0, (676,)),) 	 (6, 1, 1)
((0, (155,)),) 	 (15, 1, 1)
((0, (156,)),) 	 (18, 1, 1)
((0, (159,)),) 	 (17, 1, 1)
((0, (564,)),) 	 (7, 1, 1)
((0, (283,)),) 	 (10, 1, 1)
((0, (745,)),) 	 (5, 1, 1)
((0, (316,)),) 	 (5, 1, 1)
((0, (77,)),) 	 (14, 1, 1)
((0, (78,)),) 	 (19, 1, 1)
((0, (579,)),) 	 (7, 1, 1)
((0, (658,)),) 	 (6, 1, 1)
((0, (732,)),) 	 (12, 1, 1)
((0, (399,)),) 	 (10, 1, 1)
((0, (496,)),) 	 (8, 1, 1)
((0, (814,)),) 	 (6, 1, 1)
((0, (544,)),) 	 (4, 1, 1)
((0, (545,)),) 	 (11, 1, 1)
((0, (510,)),) 	 (7, 1, 1)
((0, (329,)),) 	 (8, 1, 1)
((0, (13,)),) 	 (16, 1, 1)
((0, (919,)),) 	 (8, 1, 1)
((0, (758,)),) 	 (9, 1, 1)
((0, (972,)),) 	 (10, 1, 1)
((0, (778,)),) 	 (9, 1, 1)
((0, (901,)),) 	 (15, 1, 1)
((0, (879,)),) 	 (5, 1, 1)
((0, (904,)),) 	 (7, 1, 1)
((0, (664,)),) 	 (7, 1, 1)
((0, (805,)),) 	 (9, 1, 1)
((0, (255,)),) 	 (9, 1, 1)
((0, (747,)),) 	 (5, 1, 1)
((0, (568,)),) 	 (5, 1, 1)
((0, (792,)),) 	 (8, 1, 1)
((0, (422,)),) 	 (10, 1, 1)
((0, (388,)),) 	 (11, 1, 1)
((0, (369,)),) 	 (9, 1, 1)
((0, (105,)),) 	 (17, 1, 1)
((0, (279,)),) 	 (9, 1, 1)
((0, (873,)),) 	 (7, 1, 1)
((0, (604,)),) 	 (4, 1, 1)
((0, (928,)),) 	 (8, 1, 1)
((0, (438,)),) 	 (8, 1, 1)
((0, (535,)),) 	 (6, 1, 1)
((0, (287,)),) 	 (3, 1, 1)
((0, (885,)),) 	 (9, 1, 1)
((0, (819,)),) 	 (8, 1, 1)
((0, (182,)),) 	 (18, 1, 1)
((0, (982,)),) 	 (5, 1, 1)
((0, (988,)),) 	 (9, 1, 1)
((0, (621,)),) 	 (7, 1, 1)
((0, (73,)),) 	 (18, 1, 1)
((0, (74,)),) 	 (16, 1, 1)
((0, (753,)),) 	 (10, 1, 1)
((0, (269,)),) 	 (5, 1, 1)
((0, (642,)),) 	 (6, 1, 1)
((0, (125,)),) 	 (14, 1, 1)
((0, (87,)),) 	 (14, 1, 1)
((0, (606,)),) 	 (3, 1, 1)
((0, (88,)),) 	 (18, 1, 1)
((0, (600,)),) 	 (9, 1, 1)
((0, (828,)),) 	 (4, 1, 1)
((0, (696,)),) 	 (4, 1, 1)
((0, (293,)),) 	 (7, 1, 1)
((0, (876,)),) 	 (5, 1, 1)
((0, (332,)),) 	 (5, 1, 1)
((0, (436,)),) 	 (7, 1, 1)
((0, (426,)),) 	 (7, 1, 1)
((0, (886,)),) 	 (7, 1, 1)
((0, (787,)),) 	 (8, 1, 1)
((0, (993,)),) 	 (8, 1, 1)
((0, (20,)),) 	 (8, 1, 1)
((0, (81,)),) 	 (16, 1, 1)
((0, (82,)),) 	 (16, 1, 1)
((0, (49,)),) 	 (19, 1, 1)
((0, (416,)),) 	 (13, 1, 1)
((0, (281,)),) 	 (9, 1, 1)
((0, (866,)),) 	 (7, 1, 1)
((0, (903,)),) 	 (2, 1, 1)
((0, (411,)),) 	 (5, 1, 1)
((0, (108,)),) 	 (16, 1, 1)
((0, (250,)),) 	 (2, 1, 1)
((0, (900,)),) 	 (12, 1, 1)
((0, (391,)),) 	 (6, 1, 1)
((0, (512,)),) 	 (7, 1, 1)
((0, (368,)),) 	 (6, 1, 1)
((0, (361,)),) 	 (7, 1, 1)
((0, (983,)),) 	 (11, 1, 1)
((0, (268,)),) 	 (13, 1, 1)
((0, (935,)),) 	 (4, 1, 1)
((0, (484,)),) 	 (10, 1, 1)
((0, (302,)),) 	 (8, 1, 1)
((0, (487,)),) 	 (11, 1, 1)
((0, (661,)),) 	 (7, 1, 1)
((0, (483,)),) 	 (8, 1, 1)
((0, (424,)),) 	 (7, 1, 1)
((0, (386,)),) 	 (7, 1, 1)
((0, (36,)),) 	 (12, 1, 1)
((0, (37,)),) 	 (14, 1, 1)
((0, (541,)),) 	 (5, 1, 1)
((0, (365,)),) 	 (16, 1, 1)
((0, (542,)),) 	 (9, 1, 1)
((0, (363,)),) 	 (9, 1, 1)
((0, (569,)),) 	 (8, 1, 1)
((0, (756,)),) 	 (6, 1, 1)
((0, (217,)),) 	 (18, 1, 1)
((0, (219,)),) 	 (22, 1, 1)
((0, (475,)),) 	 (8, 1, 1)
((0, (780,)),) 	 (8, 1, 1)
((0, (93,)),) 	 (17, 1, 1)
((0, (585,)),) 	 (5, 1, 1)
((0, (617,)),) 	 (9, 1, 1)
((0, (405,)),) 	 (7, 1, 1)
((0, (783,)),) 	 (4, 1, 1)
((0, (548,)),) 	 (5, 1, 1)
((0, (284,)),) 	 (8, 1, 1)
((0, (400,)),) 	 (6, 1, 1)
((0, (893,)),) 	 (10, 1, 1)
((0, (170,)),) 	 (24, 1, 1)
((0, (766,)),) 	 (5, 1, 1)
((0, (704,)),) 	 (8, 1, 1)
((0, (841,)),) 	 (7, 1, 1)
((0, (498,)),) 	 (10, 1, 1)
((0, (493,)),) 	 (8, 1, 1)
((0, (340,)),) 	 (8, 1, 1)
((0, (749,)),) 	 (9, 1, 1)
((0, (220,)),) 	 (19, 1, 1)
((0, (223,)),) 	 (17, 1, 1)
((0, (224,)),) 	 (17, 1, 1)
((0, (846,)),) 	 (14, 1, 1)
((0, (344,)),) 	 (8, 1, 1)
((0, (311,)),) 	 (14, 1, 1)
((0, (872,)),) 	 (4, 1, 1)
((0, (133,)),) 	 (16, 1, 1)
((0, (793,)),) 	 (7, 1, 1)
((0, (357,)),) 	 (7, 1, 1)
((0, (522,)),) 	 (5, 1, 1)
((0, (395,)),) 	 (13, 1, 1)
((0, (285,)),) 	 (6, 1, 1)
((0, (492,)),) 	 (6, 1, 1)
((0, (735,)),) 	 (8, 1, 1)
((0, (173,)),) 	 (19, 1, 1)
((0, (768,)),) 	 (7, 1, 1)
((0, (322,)),) 	 (8, 1, 1)
((0, (926,)),) 	 (10, 1, 1)
((0, (601,)),) 	 (9, 1, 1)
((0, (869,)),) 	 (7, 1, 1)
((0, (310,)),) 	 (4, 1, 1)
((0, (629,)),) 	 (6, 1, 1)
((0, (464,)),) 	 (8, 1, 1)
((0, (374,)),) 	 (8, 1, 1)
((0, (878,)),) 	 (8, 1, 1)
((0, (24,)),) 	 (13, 1, 1)
((0, (820,)),) 	 (6, 1, 1)
((0, (572,)),) 	 (6, 1, 1)
((0, (615,)),) 	 (6, 1, 1)
((0, (991,)),) 	 (8, 1, 1)
((0, (554,)),) 	 (13, 1, 1)
((0, (473,)),) 	 (7, 1, 1)
((0, (971,)),) 	 (6, 1, 1)
((0, (254,)),) 	 (9, 1, 1)
((0, (816,)),) 	 (7, 1, 1)
((0, (977,)),) 	 (10, 1, 1)
((0, (376,)),) 	 (2, 1, 1)
((0, (505,)),) 	 (2, 1, 1)
((0, (348,)),) 	 (8, 1, 1)
((0, (813,)),) 	 (11, 1, 1)
((0, (823,)),) 	 (10, 1, 1)
((0, (472,)),) 	 (11, 1, 1)
((0, (476,)),) 	 (8, 1, 1)
((0, (631,)),) 	 (9, 1, 1)
((0, (91,)),) 	 (21, 1, 1)
((0, (859,)),) 	 (5, 1, 1)
((0, (774,)),) 	 (5, 1, 1)
((0, (446,)),) 	 (9, 1, 1)
((0, (321,)),) 	 (7, 1, 1)
((0, (957,)),) 	 (6, 1, 1)
((0, (267,)),) 	 (8, 1, 1)
((0, (882,)),) 	 (10, 1, 1)
((0, (978,)),) 	 (6, 1, 1)
((0, (936,)),) 	 (3, 1, 1)
((0, (353,)),) 	 (3, 1, 1)
((0, (453,)),) 	 (15, 1, 1)
((0, (973,)),) 	 (7, 1, 1)
((0, (784,)),) 	 (4, 1, 1)
((0, (349,)),) 	 (3, 1, 1)
((0, (999,)),) 	 (8, 1, 1)
((0, (657,)),) 	 (7, 1, 1)
((0, (465,)),) 	 (8, 1, 1)
((0, (382,)),) 	 (4, 1, 1)
((0, (838,)),) 	 (1, 1, 1)
((0, (794,)),) 	 (11, 1, 1)
((0, (648,)),) 	 (11, 1, 1)
((0, (271,)),) 	 (10, 1, 1)
((0, (253,)),) 	 (5, 1, 1)
((0, (858,)),) 	 (5, 1, 1)
((0, (409,)),) 	 (12, 1, 1)
((0, (779,)),) 	 (5, 1, 1)
((0, (428,)),) 	 (12, 1, 1)
((0, (504,)),) 	 (9, 1, 1)
((0, (511,)),) 	 (4, 1, 1)
((0, (962,)),) 	 (7, 1, 1)
((0, (677,)),) 	 (5, 1, 1)
((0, (633,)),) 	 (5, 1, 1)
((0, (527,)),) 	 (7, 1, 1)
((0, (261,)),) 	 (9, 1, 1)
((0, (380,)),) 	 (9, 1, 1)
((0, (867,)),) 	 (12, 1, 1)
((0, (750,)),) 	 (9, 1, 1)
((0, (516,)),) 	 (5, 1, 1)
((0, (406,)),) 	 (8, 1, 1)
((0, (141,)),) 	 (20, 1, 1)
((0, (142,)),) 	 (19, 1, 1)
((0, (520,)),) 	 (7, 1, 1)
((0, (891,)),) 	 (5, 1, 1)
((0, (325,)),) 	 (5, 1, 1)
((0, (712,)),) 	 (7, 1, 1)
((0, (318,)),) 	 (6, 1, 1)
((0, (613,)),) 	 (6, 1, 1)
((0, (985,)),) 	 (9, 1, 1)
((0, (907,)),) 	 (6, 1, 1)
((0, (559,)),) 	 (2, 1, 1)
((0, (301,)),) 	 (4, 1, 1)
((0, (959,)),) 	 (5, 1, 1)
((0, (761,)),) 	 (9, 1, 1)
((0, (413,)),) 	 (6, 1, 1)
((0, (868,)),) 	 (4, 1, 1)
((0, (966,)),) 	 (5, 1, 1)
((0, (427,)),) 	 (1, 1, 1)
((0, (668,)),) 	 (4, 1, 1)
((0, (571,)),) 	 (6, 1, 1)
((0, (469,)),) 	 (7, 1, 1)
((0, (462,)),) 	 (6, 1, 1)
((0, (537,)),) 	 (5, 1, 1)
((0, (952,)),) 	 (9, 1, 1)
((0, (263,)),) 	 (8, 1, 1)
((0, (583,)),) 	 (9, 1, 1)
((0, (927,)),) 	 (7, 1, 1)
((0, (984,)),) 	 (5, 1, 1)
((0, (439,)),) 	 (5, 1, 1)
((0, (687,)),) 	 (9, 1, 1)
((0, (393,)),) 	 (5, 1, 1)
((0, (106,)),) 	 (11, 1, 1)
((0, (842,)),) 	 (7, 1, 1)
((0, (550,)),) 	 (5, 1, 1)
((0, (603,)),) 	 (5, 1, 1)
((0, (844,)),) 	 (5, 1, 1)
((0, (135,)),) 	 (20, 1, 1)
((0, (856,)),) 	 (5, 1, 1)
((0, (884,)),) 	 (2, 1, 1)
((0, (810,)),) 	 (5, 1, 1)
((0, (515,)),) 	 (5, 1, 1)
((0, (975,)),) 	 (6, 1, 1)
((0, (889,)),) 	 (7, 1, 1)
((0, (461,)),) 	 (9, 1, 1)
((0, (266,)),) 	 (6, 1, 1)
((0, (775,)),) 	 (7, 1, 1)
((0, (713,)),) 	 (6, 1, 1)
((0, (580,)),) 	 (7, 1, 1)
((0, (986,)),) 	 (7, 1, 1)
((0, (418,)),) 	 (4, 1, 1)
((0, (355,)),) 	 (9, 1, 1)
((0, (351,)),) 	 (11, 1, 1)
((0, (667,)),) 	 (8, 1, 1)
((0, (815,)),) 	 (4, 1, 1)
((0, (434,)),) 	 (6, 1, 1)
((0, (304,)),) 	 (4, 1, 1)
((0, (352,)),) 	 (6, 1, 1)
((0, (566,)),) 	 (8, 1, 1)
((0, (252,)),) 	 (4, 1, 1)
((0, (803,)),) 	 (6, 1, 1)
((0, (415,)),) 	 (11, 1, 1)
((0, (680,)),) 	 (6, 1, 1)
((0, (558,)),) 	 (4, 1, 1)
((0, (570,)),) 	 (6, 1, 1)
((0, (854,)),) 	 (4, 1, 1)
((0, (650,)),) 	 (8, 1, 1)
((0, (521,)),) 	 (5, 1, 1)
((0, (643,)),) 	 (7, 1, 1)
((0, (410,)),) 	 (4, 1, 1)
((0, (485,)),) 	 (5, 1, 1)
((0, (626,)),) 	 (6, 1, 1)
((0, (688,)),) 	 (2, 1, 1)
((0, (277,)),) 	 (6, 1, 1)
((0, (964,)),) 	 (5, 1, 1)
((0, (916,)),) 	 (5, 1, 1)
((0, (323,)),) 	 (4, 1, 1)
((0, (963,)),) 	 (5, 1, 1)
((0, (649,)),) 	 (2, 1, 1)
((0, (616,)),) 	 (7, 1, 1)
((0, (942,)),) 	 (9, 1, 1)
((0, (970,)),) 	 (4, 1, 1)
((0, (638,)),) 	 (6, 1, 1)
((0, (912,)),) 	 (6, 1, 1)
((0, (634,)),) 	 (4, 1, 1)
((0, (306,)),) 	 (2, 1, 1)
((0, (463,)),) 	 (5, 1, 1)
((0, (918,)),) 	 (4, 1, 1)
((0, (845,)),) 	 (4, 1, 1)
((0, (746,)),) 	 (8, 1, 1)
((0, (651,)),) 	 (3, 1, 1)
((0, (730,)),) 	 (4, 1, 1)
((0, (861,)),) 	 (7, 1, 1)
((0, (646,)),) 	 (8, 1, 1)
((0, (754,)),) 	 (4, 1, 1)
((0, (274,)),) 	 (4, 1, 1)
((0, (259,)),) 	 (1, 1, 1)
((0, (771,)),) 	 (4, 1, 1)
((0, (278,)),) 	 (7, 1, 1)
((0, (366,)),) 	 (6, 1, 1)
((0, (346,)),) 	 (4, 1, 1)
((0, (852,)),) 	 (6, 1, 1)
((0, (764,)),) 	 (6, 1, 1)
((0, (531,)),) 	 (2, 1, 1)
((0, (641,)),) 	 (4, 1, 1)
((0, (791,)),) 	 (4, 1, 1)
((0, (731,)),) 	 (8, 1, 1)
((0, (448,)),) 	 (5, 1, 1)
((0, (500,)),) 	 (4, 1, 1)
((0, (827,)),) 	 (2, 1, 1)
((0, (682,)),) 	 (6, 1, 1)
((0, (314,)),) 	 (5, 1, 1)
((0, (644,)),) 	 (6, 1, 1)
((0, (847,)),) 	 (5, 1, 1)
((0, (362,)),) 	 (3, 1, 1)
((0, (865,)),) 	 (4, 1, 1)
((0, (853,)),) 	 (7, 1, 1)
((0, (309,)),) 	 (1, 1, 1)
((0, (610,)),) 	 (4, 1, 1)
((0, (552,)),) 	 (1, 1, 1)
((0, (902,)),) 	 (3, 1, 1)
((0, (423,)),) 	 (5, 1, 1)
((0, (781,)),) 	 (5, 1, 1)
((0, (744,)),) 	 (2, 1, 1)
((0, (121, 122)),) 	 (8, 2, 2)
((0, (80, 81)),) 	 (8, 2, 2)
((0, (20, 21)),) 	 (3, 2, 2)
((0, (163, 164)),) 	 (7, 2, 2)
((0, (95, 96)),) 	 (10, 2, 2)
((0, (230, 231)),) 	 (8, 2, 2)
((0, (40, 41)),) 	 (7, 2, 2)
((0, (33, 34)),) 	 (6, 2, 2)
((0, (188, 189)),) 	 (10, 2, 2)
((0, (18, 19)),) 	 (7, 2, 2)
((0, (215, 216)),) 	 (10, 2, 2)
((0, (235, 236)),) 	 (9, 2, 2)
((0, (225, 226)),) 	 (10, 2, 2)
((0, (11, 12)),) 	 (9, 2, 2)
((0, (102, 103)),) 	 (8, 2, 2)
((0, (242, 243)),) 	 (9, 2, 2)
((0, (67, 68)),) 	 (7, 2, 2)
((0, (181, 182)),) 	 (10, 2, 2)
((0, (77, 78)),) 	 (9, 2, 2)
((0, (1, 2)),) 	 (3, 2, 2)
((0, (70, 71)),) 	 (8, 2, 2)
((0, (151, 152)),) 	 (10, 2, 2)
((0, (51, 52)),) 	 (7, 2, 2)
((0, (186, 187)),) 	 (10, 2, 2)
((0, (157, 158)),) 	 (9, 2, 2)
((0, (178, 179)),) 	 (8, 2, 2)
((0, (115, 116)),) 	 (5, 2, 2)
((0, (27, 28)),) 	 (7, 2, 2)
((0, (3, 4)),) 	 (7, 2, 2)
((0, (132, 133)),) 	 (9, 2, 2)
((0, (240, 241)),) 	 (10, 2, 2)
((0, (221, 222)),) 	 (7, 2, 2)
((0, (237, 238)),) 	 (8, 2, 2)
((0, (206, 207)),) 	 (8, 2, 2)
((0, (43, 44)),) 	 (6, 2, 2)
((0, (37, 38)),) 	 (6, 2, 2)
((0, (86, 87)),) 	 (9, 2, 2)
((0, (138, 139)),) 	 (8, 2, 2)
((0, (7, 8)),) 	 (7, 2, 2)
((0, (201, 202)),) 	 (10, 2, 2)
((0, (116, 117)),) 	 (7, 2, 2)
((0, (211, 212)),) 	 (10, 2, 2)
((0, (222, 223)),) 	 (10, 2, 2)
((0, (161, 162)),) 	 (6, 2, 2)
((0, (227, 228)),) 	 (10, 2, 2)
((0, (110, 111)),) 	 (9, 2, 2)
((0, (22, 23)),) 	 (5, 2, 2)
((0, (117, 118)),) 	 (8, 2, 2)
((0, (171, 172)),) 	 (10, 2, 2)
((0, (58, 59)),) 	 (7, 2, 2)
((0, (83, 84)),) 	 (9, 2, 2)
((0, (153, 154)),) 	 (8, 2, 2)
((0, (167, 168)),) 	 (10, 2, 2)
((0, (45, 46)),) 	 (6, 2, 2)
((0, (217, 218)),) 	 (10, 2, 2)
((0, (191, 192)),) 	 (9, 2, 2)
((0, (196, 197)),) 	 (8, 2, 2)
((0, (128, 129)),) 	 (9, 2, 2)
((0, (198, 199)),) 	 (10, 2, 2)
((0, (72, 73)),) 	 (7, 2, 2)
((0, (90, 91)),) 	 (8, 2, 2)
((0, (136, 137)),) 	 (7, 2, 2)
((0, (62, 63)),) 	 (8, 2, 2)
((0, (246, 247)),) 	 (8, 2, 2)
((0, (220, 221)),) 	 (8, 2, 2)
((0, (47, 48)),) 	 (7, 2, 2)
((0, (5, 6)),) 	 (9, 2, 2)
((0, (25, 26)),) 	 (7, 2, 2)
((0, (123, 124)),) 	 (6, 2, 2)
((0, (60, 61)),) 	 (6, 2, 2)
((0, (91, 92)),) 	 (9, 2, 2)
((0, (97, 98)),) 	 (6, 2, 2)
((0, (146, 147)),) 	 (8, 2, 2)
((0, (193, 194)),) 	 (9, 2, 2)
((0, (100, 101)),) 	 (7, 2, 2)
((0, (15, 16)),) 	 (8, 2, 2)
((0, (231, 232)),) 	 (9, 2, 2)
((0, (28, 29)),) 	 (9, 2, 2)
((0, (173, 174)),) 	 (9, 2, 2)
((0, (126, 127)),) 	 (6, 2, 2)
((0, (165, 166)),) 	 (10, 2, 2)
((0, (31, 32)),) 	 (4, 2, 2)
((0, (35, 36)),) 	 (8, 2, 2)
((0, (176, 177)),) 	 (9, 2, 2)
((0, (93, 94)),) 	 (9, 2, 2)
((0, (56, 57)),) 	 (9, 2, 2)
((0, (142, 143)),) 	 (8, 2, 2)
((0, (148, 149)),) 	 (10, 2, 2)
((0, (68, 69)),) 	 (9, 2, 2)
((0, (66, 67)),) 	 (8, 2, 2)
((0, (112, 113)),) 	 (10, 2, 2)
((0, (135, 136)),) 	 (10, 2, 2)
((0, (13, 14)),) 	 (8, 2, 2)
((0, (23, 24)),) 	 (7, 2, 2)
((0, (108, 109)),) 	 (7, 2, 2)
((0, (140, 141)),) 	 (9, 2, 2)
((0, (155, 156)),) 	 (8, 2, 2)
((0, (53, 54)),) 	 (8, 2, 2)
((0, (183, 184)),) 	 (9, 2, 2)
((0, (98, 99)),) 	 (8, 2, 2)
((0, (145, 146)),) 	 (10, 2, 2)
((0, (248, 249)),) 	 (9, 2, 2)
((0, (125, 126)),) 	 (7, 2, 2)
((0, (233, 234)),) 	 (9, 2, 2)
((0, (106, 107)),) 	 (8, 2, 2)
((0, (203, 204)),) 	 (9, 2, 2)
((0, (208, 209)),) 	 (7, 2, 2)
((0, (143, 144)),) 	 (9, 2, 2)
((0, (30, 31)),) 	 (7, 2, 2)
((0, (213, 214)),) 	 (9, 2, 2)
((0, (75, 76)),) 	 (8, 2, 2)
((0, (130, 131)),) 	 (7, 2, 2)
((0, (88, 89)),) 	 (7, 2, 2)
